80 80 100
32.0280 26.4854
43.4115 16.8948
35.7697 48.8036
74.0845 64.9003
73.6017 49.6670
21.2482 21.6414
64.5829 21.8609
60.6075 6.4431
49.6928 26.4398
27.3955 28.2201
26.3306 5.6028
45.0190 39.8925
40.5337 21.2841
2.8271 26.4120
13.1016 70.0360
15.0074 78.1117
50.5742 35.1747
43.6294 37.7298
39.2800 60.0479
52.3726 58.6013
60.4348 61.6756
53.4876 73.1497
36.5384 11.9039
59.0604 64.9542
24.0800 73.6057
48.6589 4.3049
24.8319 12.3476
18.9633 26.3035
17.7736 29.3392
66.9917 62.2033
75.9559 39.3659
37.0507 78.8262
47.3794 7.8013
12.5570 57.5330
26.2290 23.6820
57.3901 53.3652
0.5679 41.2232
27.4513 76.6163
34.8655 70.0376
61.6233 13.2316
10.4940 34.7182
2.3352 67.0761
64.5982 77.3287
49.4584 26.2504
77.5060 21.7422
57.2703 67.2764
61.1145 16.6555
2.7414 15.1121
55.4501 64.4989
4.4158 53.6004
67.8695 66.3505
54.6693 70.0918
9.1313 8.3561
64.1486 79.6268
12.8359 63.0462
65.7069 28.1995
9.4946 39.3310
6.1683 41.2693
43.7568 67.8458
67.7708 22.8237
53.0884 53.7110
67.1498 21.9399
68.4603 26.6584
18.2422 47.9300
12.3722 28.8699
56.5071 31.7987
56.8013 43.7620
45.3714 40.8785
23.4323 4.3429
41.8294 55.1541
40.7909 7.6568
66.6360 7.9214
57.6662 62.2236
25.5524 60.0741
49.4774 48.2705
1.6165 56.4443
4.0003 75.9438
44.4278 44.2724
75.1405 44.5791
60.9502 58.0126
40.63
22.85
60.85
15.06
1.76
61.00
6.11
26.84
72.11
68.20
3.39
18.16
57.64
59.71
56.60
60.92
18.00
44.67
8.59
39.72
39.41
42.60
49.89
27.43
82.37
13.54
18.79
67.99
10.67
12.76
30.85
47.00
19.62
23.69
62.33
40.04
46.40
11.52
29.47
27.31
61.68
39.83
10.28
61.55
12.97
2.42
20.94
26.87
19.50
40.81
29.32
68.08
25.83
55.89
38.18
7.28
63.40
7.44
4.72
22.81
29.78
18.17
58.84
69.57
3.14
27.39
43.83
1.36
22.07
21.92
75.04
23.87
72.44
71.71
29.65
23.54
69.27
23.24
25.82
69.71
9.78
11.85
30.89
3.18
47.55
16.33
17.50
3.77
15.46
10.77
51.57
17.71
9.09
40.44
52.41
41.19
18.79
19.29
18.68
30.76
38.27
19.74
17.08
21.60
33.89
80.94
11.04
14.02
50.08
36.62
97.64
20.93
9.49
16.03
35.69
28.34
21.23
15.03
86.08
28.37
14.42
31.99
38.97
58.86
82.09
61.44
2.47
17.08
18.88
46.41
11.75
11.42
37.28
26.94
50.24
13.67
61.65
31.20
10.65
20.46
17.54
16.54
11.89
6.79
3.13
15.95
12.86
51.43
18.20
32.06
36.66
42.11
22.75
12.32
45.04
55.26
36.58
34.26
78.07
7.70
18.76
57.69
61.27
18.44
13.97
17.18
47.47
0.38
0.07
15.71
4.27
45.35
28.60
66.99
22.29
85.56
11.22
20.31
9.77
50.28
9.28
23.16
50.45
27.27
62.91
55.23
8.58
14.65
24.14
38.78
41.53
23.99
24.01
22.43
49.34
45.36
9.25
24.54
77.43
33.52
19.12
32.62
19.56
13.75
56.11
10.38
56.31
39.91
52.22
14.73
3.92
8.12
32.28
39.50
7.67
58.67
20.41
52.45
7.66
54.49
26.14
31.78
47.18
30.10
19.20
20.10
3.26
0.64
55.65
30.47
23.37
53.74
26.02
20.78
25.62
8.30
54.48
7.01
26.13
31.11
25.19
36.89
27.19
11.45
45.72
47.32
1.94
16.53
8.64
57.75
8.20
31.88
59.69
94.89
56.90
12.38
57.17
62.43
58.12
21.68
17.77
22.67
30.90
44.02
30.78
6.26
22.07
52.43
17.94
26.75
6.89
42.74
31.85
25.20
37.66
82.16
34.42
69.32
17.80
64.27
57.94
15.62
39.08
67.81
24.08
36.15
7.71
26.81
59.73
51.27
20.14
31.67
64.55
20.59
4.17
41.36
11.39
63.52
47.92
78.29
14.08
1.17
28.40
3.24
10.24
26.56
42.02
44.49
14.25
50.26
52.01
12.95
45.83
8.12
36.24
18.57
1.71
54.42
40.93
53.94
25.68
18.40
44.03
33.88
22.04
17.52
23.06
46.91
5.23
1.40
38.68
43.66
49.37
49.61
51.64
13.10
17.80
12.87
41.58
19.59
26.98
21.64
33.01
22.65
7.16
25.51
26.02
27.98
17.04
40.03
41.85
39.57
46.17
37.59
21.85
33.94
7.46
34.71
69.94
65.83
25.11
17.17
62.62
13.87
15.84
28.21
30.09
87.95
36.51
28.07
51.08
38.95
51.40
6.69
24.13
6.62
35.44
20.78
15.64
2.78
18.27
46.00
7.52
8.92
50.46
29.07
5.19
54.88
67.40
32.94
44.50
21.45
86.41
47.52
18.35
14.64
38.33
42.31
73.88
43.81
37.90
8.85
3.58
1.74
34.57
3.04
14.18
27.39
22.46
32.87
46.10
51.43
15.66
27.48
63.03
22.62
60.51
50.03
52.80
42.22
17.67
22.93
5.94
57.90
57.08
29.04
38.26
29.28
14.00
9.46
17.98
43.70
22.09
25.28
33.79
9.39
79.67
32.77
42.78
16.36
35.96
62.07
53.75
17.30
34.80
25.17
63.24
16.22
71.21
6.11
45.02
62.74
42.27
65.89
20.85
0.40
29.13
49.41
19.37
11.55
27.51
55.88
19.37
41.22
28.98
4.65
34.84
91.92
36.21
82.01
23.25
95.35
45.04
21.43
18.77
50.43
5.85
52.77
56.65
50.21
31.49
65.36
6.81
28.17
28.29
43.99
7.32
41.92
63.89
75.96
17.01
27.35
82.53
36.00
14.60
1.29
62.94
54.90
2.64
4.05
56.93
49.30
26.81
32.16
27.17
52.47
39.38
32.96
11.03
14.95
36.37
31.16
91.60
22.86
19.60
54.52
10.57
17.44
13.88
18.67
50.36
6.11
10.69
28.47
28.51
43.18
64.59
26.02
21.36
3.28
31.90
14.83
19.34
21.94
68.07
13.17
41.32
29.82
1.45
6.81
2.78
18.42
34.76
30.45
59.60
2.25
11.35
21.72
1.97
48.61
25.38
48.25
11.51
24.50
43.58
47.91
41.20
25.53
4.67
66.17
11.35
63.42
71.18
17.39
70.27
10.54
57.55
82.63
18.79
28.64
18.73
1.17
9.93
48.11
12.76
37.62
13.72
36.42
52.01
28.58
8.13
42.70
25.90
69.63
11.15
15.82
25.47
91.67
13.77
50.87
24.37
13.21
52.86
1.74
28.33
8.00
24.42
22.15
3.94
18.07
8.58
47.51
41.43
17.84
30.76
27.41
6.58
46.47
1.39
46.78
26.86
19.64
69.23
49.44
8.24
30.88
32.31
0.29
65.25
13.03
10.06
44.57
4.27
13.30
34.10
47.77
28.12
11.33
14.56
9.90
11.05
40.98
31.30
19.88
50.49
24.41
51.13
30.90
31.77
8.11
14.94
51.56
41.08
56.02
31.59
46.65
21.82
24.57
38.06
31.27
51.39
50.20
26.96
25.49
35.50
34.02
17.08
36.59
46.89
28.14
29.18
21.45
22.62
38.17
28.33
20.37
27.83
26.38
23.69
62.33
24.41
17.83
30.52
1.82
2.00
22.38
1.55
15.10
69.64
33.14
4.45
44.12
68.92
14.81
64.02
59.59
25.45
63.87
49.96
21.45
48.41
27.36
39.69
18.01
41.85
23.01
49.66
36.91
26.51
26.63
28.51
43.08
39.42
39.27
49.26
43.14
7.68
14.92
95.70
18.60
10.62
18.81
38.71
17.08
64.44
39.04
15.68
14.57
36.39
6.99
40.80
35.65
9.98
4.33
21.23
84.48
20.93
21.06
1.94
57.75
45.92
59.86
59.02
38.49
17.95
38.93
74.61
20.07
55.54
48.14
35.27
65.66
16.00
0.94
94.96
29.87
50.75
44.43
28.17
49.93
29.53
54.43
9.22
0.67
19.74
7.45
41.37
42.44
31.54
5.39
34.14
38.25
28.10
43.53
16.60
16.14
15.39
22.58
44.52
11.25
66.49
7.86
3.48
5.51
32.56
60.84
36.92
36.97
17.09
2.89
38.97
10.26
17.57
35.31
16.93
33.80
50.12
59.88
67.80
27.71
13.58
86.10
22.00
13.14
65.30
67.64
6.41
68.76
15.48
12.15
20.75
20.96
42.39
35.32
19.85
22.88
17.92
5.14
76.21
14.29
72.43
7.47
21.66
7.73
65.42
21.75
28.24
29.39
54.41
6.16
66.96
68.16
25.57
23.30
41.44
61.22
86.07
3.94
66.03
6.54
38.80
42.06
7.80
37.06
7.57
17.78
29.61
31.16
38.21
17.91
33.14
27.48
39.95
49.65
20.98
14.51
45.44
44.92
27.75
25.55
56.19
42.61
4.34
6.22
17.82
75.16
39.83
2.07
43.50
33.22
19.35
38.30
34.27
45.41
10.23
17.39
34.38
38.31
62.66
50.74
58.13
76.31
4.85
22.89
74.91
27.85
41.48
20.14
2.09
18.89
50.89
8.72
2.68
38.64
11.31
42.85
35.44
17.99
25.45
42.21
2.63
64.65
4.51
13.90
7.48
33.78
12.94
22.54
6.13
33.39
12.38
54.18
9.99
67.32
38.64
12.14
57.50
19.76
85.89
38.84
23.77
30.75
34.45
60.88
22.23
74.23
11.96
34.32
18.49
66.91
20.12
6.25
70.36
0.05
24.24
9.96
54.95
37.88
24.08
39.79
28.43
25.75
15.55
44.73
3.53
17.87
34.52
46.75
37.61
1.93
27.64
13.62
13.67
23.68
43.71
39.08
26.65
45.78
27.27
55.10
27.27
13.87
18.51
4.25
33.71
14.21
38.10
29.57
76.33
6.15
35.57
41.47
52.92
26.23
2.50
40.43
93.49
0.17
79.64
42.59
91.31
11.39
31.42
49.64
84.30
7.16
32.96
42.60
15.81
10.69
10.11
31.53
56.32
26.94
28.68
28.01
14.59
6.78
57.69
16.50
64.90
14.58
48.57
11.95
8.24
25.90
25.02
64.73
3.51
22.13
19.84
41.21
14.57
12.39
84.59
9.70
63.81
35.19
32.50
9.93
11.32
15.76
49.19
22.91
17.17
50.87
49.13
56.17
32.63
18.02
6.65
28.77
66.07
49.25
16.69
51.45
64.50
9.80
20.19
21.41
66.16
35.87
11.60
38.37
13.16
33.37
11.94
40.17
72.10
37.18
14.76
15.74
40.48
68.45
17.48
31.55
24.73
43.23
43.03
15.40
39.92
38.61
57.48
26.71
10.38
10.37
27.47
40.68
2.62
69.28
14.32
4.56
1.01
44.40
20.60
30.55
29.39
48.74
25.34
30.76
33.40
0.54
20.79
0.72
53.38
35.18
10.62
15.26
77.84
40.41
1.78
27.66
43.78
0.27
12.03
59.85
9.22
87.71
56.08
97.48
26.96
38.09
17.27
32.59
56.03
21.01
27.20
17.89
29.45
4.32
64.02
53.74
52.53
40.50
54.75
0.59
38.25
22.08
43.97
3.18
7.07
0.11
21.78
32.47
20.70
12.36
18.59
5.57
35.42
28.37
32.93
23.46
40.15
27.69
66.86
44.27
0.93
74.59
21.78
1.24
4.19
54.08
58.60
1.98
23.96
35.92
8.47
72.03
22.56
4.48
18.37
51.59
63.66
83.50
43.20
16.79
26.75
23.44
94.70
33.85
44.79
55.83
13.02
0.04
41.95
3.91
21.17
22.89
81.44
36.63
57.35
4.02
11.89
1.98
24.44
37.76
63.73
49.77
25.75
24.81
27.10
6.22
5.78
9.51
25.61
44.86
33.34
9.51
48.95
10.01
3.70
73.25
86.74
47.61
2.29
10.47
52.58
53.39
16.59
2.58
16.77
27.86
38.40
55.10
56.25
47.27
42.57
53.83
11.60
21.72
18.77
17.17
14.09
8.78
20.15
6.19
13.39
38.04
19.22
79.77
22.28
44.11
36.37
96.14
14.48
9.27
26.86
16.65
18.22
1.42
2.79
19.64
5.36
67.95
5.27
29.89
5.44
50.82
34.03
16.91
28.03
29.10
58.23
12.12
24.41
24.47
18.92
36.15
55.11
13.50
34.94
41.98
13.06
54.20
0.21
25.01
18.15
20.70
1.80
0.96
28.36
30.72
20.60
67.35
5.99
31.99
3.78
20.24
56.46
28.00
12.61
34.03
36.07
4.40
59.51
26.98
1.10
16.11
45.33
14.71
41.22
24.28
50.58
58.37
0.11
48.44
43.22
16.97
47.95
20.94
77.96
36.86
8.86
19.87
67.90
21.81
38.69
5.45
80.00
23.08
6.21
4.79
30.63
53.00
26.92
31.16
14.09
3.97
19.15
10.43
71.62
37.42
19.08
28.03
18.05
33.53
24.54
45.54
75.57
3.07
62.31
25.04
36.60
8.03
46.21
64.84
36.15
16.24
29.42
20.69
38.39
17.12
15.52
51.83
44.88
66.66
48.76
31.85
88.31
24.28
22.89
8.50
53.42
77.21
32.12
19.16
23.61
38.67
87.74
4.95
47.53
73.13
49.59
29.45
13.42
76.73
12.79
13.98
9.17
21.32
63.07
16.58
26.79
56.03
34.89
29.91
41.70
17.19
18.23
54.65
44.60
35.12
17.23
67.16
45.58
32.37
46.87
5.86
47.87
41.23
14.39
39.45
3.54
37.77
30.35
7.58
7.66
47.86
33.01
24.39
27.81
1.85
27.36
34.86
37.61
42.58
65.20
47.93
5.63
19.50
39.97
21.00
40.27
64.39
24.77
39.71
30.89
48.30
6.41
19.03
62.02
11.93
26.74
52.20
52.06
24.02
26.75
22.98
17.90
22.19
28.49
12.28
10.21
6.00
34.81
7.28
69.59
18.11
43.94
12.42
22.64
9.22
16.45
68.77
12.27
0.15
63.81
0.37
40.40
9.67
33.40
52.01
30.25
39.54
33.05
28.36
65.13
62.51
46.63
40.86
20.62
31.48
3.55
47.80
44.13
32.60
18.52
33.14
22.55
57.59
49.31
25.87
10.94
10.21
26.52
25.54
15.84
86.59
49.58
34.42
2.93
4.43
88.70
39.98
39.54
24.30
8.52
27.82
65.41
30.22
56.30
66.90
34.25
65.25
77.21
59.57
56.39
16.66
1.06
50.81
16.54
10.40
57.32
0.24
2.95
27.43
18.65
19.21
37.11
30.53
13.03
15.77
50.00
21.45
73.90
27.72
7.18
6.27
50.25
1.04
63.03
12.88
53.59
14.27
53.82
41.22
17.83
29.68
46.96
58.51
14.32
24.63
43.37
12.87
1.56
68.54
23.20
15.63
33.13
3.26
32.39
53.78
86.76
26.06
55.95
91.25
60.60
18.80
4.88
25.28
23.11
24.85
38.95
30.38
35.21
60.94
29.39
46.54
26.91
24.39
32.47
6.79
26.05
14.01
68.20
24.12
33.72
12.96
70.08
42.30
48.95
22.92
40.21
5.06
81.33
30.66
3.16
35.48
26.58
25.09
16.27
40.69
33.51
81.78
10.58
51.15
48.32
22.02
85.63
19.17
48.83
28.96
11.65
36.46
74.03
71.93
22.66
7.64
29.67
32.15
32.00
29.07
13.04
41.60
3.95
48.19
30.08
34.70
18.17
13.17
17.11
33.26
46.93
15.55
36.99
54.46
35.58
7.36
78.98
17.84
26.92
16.17
42.80
19.55
36.05
18.76
33.42
61.57
17.29
66.39
61.28
40.02
24.13
39.07
29.31
19.94
8.70
0.45
34.20
62.98
58.57
37.42
34.16
5.87
12.00
24.58
9.72
34.30
7.30
49.23
27.24
15.66
26.31
7.84
40.25
22.10
25.78
28.47
65.39
26.98
37.51
68.58
12.19
22.56
6.58
34.86
53.50
2.42
2.08
41.79
78.63
24.29
34.44
5.49
12.21
45.69
7.89
32.38
29.15
23.56
56.53
0.81
72.11
28.03
39.10
48.39
14.73
5.66
23.52
57.72
19.99
38.49
11.64
26.01
2.78
55.72
0.43
22.29
22.41
25.91
34.28
28.41
46.32
69.30
15.09
22.21
30.23
51.46
28.67
17.06
62.07
5.42
16.97
55.55
21.83
59.90
4.27
40.17
31.35
26.33
19.61
50.88
43.57
32.61
13.55
33.67
24.70
35.54
26.86
24.85
27.64
45.13
13.78
19.98
41.56
5.23
9.01
39.10
23.01
9.28
55.81
29.95
12.64
17.29
2.20
12.78
6.92
37.55
8.86
27.22
31.79
37.85
26.09
49.43
50.25
37.54
80.31
13.87
3.53
50.83
5.97
61.56
41.18
27.25
16.91
16.91
7.74
38.00
2.25
54.13
36.99
9.48
3.31
3.02
30.66
27.17
42.93
2.46
3.26
6.65
23.53
0.55
25.13
20.09
44.21
51.34
36.68
68.46
75.72
26.81
67.05
15.41
48.74
0.53
0.98
47.51
10.63
3.22
6.59
56.39
49.43
4.63
66.77
33.21
33.71
5.02
60.24
65.79
10.06
3.95
38.56
3.32
50.33
2.47
12.45
32.06
73.44
4.19
50.84
0.63
8.42
56.77
24.20
12.66
42.68
31.32
1.98
43.85
18.06
13.85
24.76
33.73
9.53
19.16
66.37
33.30
17.41
41.44
4.87
22.04
39.48
23.91
35.61
18.46
2.56
5.93
3.90
2.41
65.71
25.08
14.51
54.91
12.16
16.75
44.53
18.32
53.39
62.31
61.98
7.55
40.14
66.62
12.16
38.59
11.41
22.86
3.70
28.70
25.42
63.68
9.57
3.22
67.52
13.49
41.33
13.04
47.82
20.37
16.81
3.67
49.85
33.19
35.35
31.26
43.27
14.66
83.72
53.88
20.05
91.35
42.97
8.37
47.03
49.22
19.22
33.95
38.69
25.54
37.60
48.50
0.77
35.02
8.24
36.97
7.54
30.73
13.21
23.19
7.40
67.97
4.77
43.07
44.95
43.40
38.62
3.92
18.64
17.99
25.49
33.74
6.70
12.23
9.57
14.55
52.33
17.54
2.01
2.62
37.46
78.55
16.82
19.38
44.21
15.51
30.27
19.10
20.35
18.80
21.61
26.17
47.17
28.86
82.40
14.71
12.55
36.67
45.78
27.27
48.20
55.72
8.28
60.89
59.28
15.54
9.79
10.79
41.36
21.10
69.11
43.37
41.78
33.21
62.03
66.31
22.03
12.78
46.18
22.08
34.25
40.41
31.22
2.34
46.93
23.37
18.29
42.80
27.85
8.04
58.82
39.17
29.41
61.82
13.70
67.44
12.33
6.31
11.32
49.55
60.93
52.56
12.41
46.91
65.75
26.93
48.14
53.43
24.09
37.16
33.96
14.15
2.75
36.33
66.38
15.50
22.93
13.27
39.13
9.48
18.09
69.56
15.09
16.26
79.59
55.38
48.21
0.49
67.89
56.03
32.18
20.77
23.57
32.48
55.14
78.74
60.78
30.51
28.07
35.33
7.35
21.48
51.84
21.91
34.51
17.65
59.90
34.11
50.19
48.14
70.69
3.72
33.33
25.00
47.09
32.65
37.51
35.94
11.07
34.31
56.54
53.25
59.68
12.39
42.70
0.87
42.21
19.37
33.39
28.48
70.77
53.10
42.01
19.24
19.04
51.94
19.20
25.51
58.82
29.70
34.58
80.48
7.19
65.79
1.97
38.77
55.82
3.42
19.95
57.12
50.49
24.50
21.44
9.07
40.77
29.34
39.04
15.39
37.36
11.42
64.97
1.64
36.57
32.92
1.25
49.32
45.52
73.93
15.52
46.71
23.09
0.90
63.20
38.57
7.64
20.37
31.42
6.68
20.04
33.86
88.87
12.41
25.88
27.15
25.98
61.29
55.00
5.23
64.28
12.80
12.54
64.11
24.79
24.49
13.55
65.45
42.74
2.02
22.98
8.72
79.89
39.26
27.54
53.48
13.81
34.53
16.26
30.22
3.14
35.19
66.90
43.77
35.07
0.19
4.72
30.54
87.99
20.98
5.17
3.75
41.63
17.51
11.59
30.26
25.64
28.82
53.95
39.35
38.79
33.36
68.13
66.80
57.85
11.57
49.77
42.69
50.91
18.45
19.65
13.57
0.46
8.74
21.15
40.00
47.33
32.33
37.54
31.55
23.55
21.34
27.56
33.78
19.69
14.64
40.01
10.22
6.49
32.91
0.71
0.01
8.36
0.20
7.19
25.83
35.35
17.29
29.21
55.23
54.73
41.11
18.09
12.48
67.16
46.08
42.86
5.51
37.64
15.45
20.76
13.88
13.05
62.97
88.60
69.98
57.17
20.32
18.28
34.50
54.60
60.15
64.20
21.42
20.37
71.24
16.50
24.48
14.11
62.32
18.74
48.55
42.88
2.26
16.96
16.01
41.91
69.79
20.05
13.08
52.78
5.61
80.97
17.50
9.63
19.98
27.04
4.79
16.11
2.68
32.05
24.63
31.11
21.81
65.84
36.07
40.39
13.59
11.11
29.41
70.77
29.33
37.14
3.25
44.30
35.19
20.59
40.01
23.26
44.30
65.13
31.60
28.57
19.78
41.07
58.54
39.43
46.49
24.93
42.54
37.65
11.31
44.92
40.85
59.62
1.61
37.65
31.20
75.41
29.17
67.05
32.33
15.19
1.99
14.94
25.66
32.43
75.13
8.48
53.24
5.34
78.76
49.29
0.44
16.59
35.40
47.75
72.78
17.82
66.42
22.57
36.87
53.65
4.63
38.09
47.40
26.73
18.15
25.07
35.63
16.57
59.03
5.94
7.66
4.42
51.92
64.93
23.22
30.61
65.73
31.90
13.87
45.16
22.11
86.30
38.09
22.60
22.34
17.32
11.58
19.24
28.95
41.11
27.11
38.06
1.76
3.65
14.12
3.66
53.92
34.11
57.88
61.22
11.09
54.26
39.03
22.47
19.58
22.44
29.12
52.47
33.64
48.01
16.72
20.20
26.13
10.71
57.20
54.56
0.93
47.33
38.09
28.57
47.30
14.51
44.18
70.29
2.48
13.63
21.61
37.51
21.61
6.50
5.90
26.27
18.19
36.03
69.78
17.34
21.43
19.51
26.37
31.11
0.64
11.43
32.16
16.53
25.97
0.10
51.58
74.72
63.22
66.86
82.26
5.16
64.21
21.88
40.31
36.16
39.65
93.87
92.21
40.55
20.97
19.06
46.56
35.75
45.78
35.31
26.09
0.77
20.76
74.93
31.11
5.46
56.29
31.18
16.98
13.44
31.60
94.70
45.89
1.77
56.78
10.81
6.70
29.67
10.40
12.88
49.94
15.35
48.83
29.65
84.15
9.98
44.96
11.94
17.78
23.52
36.64
22.79
28.74
48.16
93.52
29.06
28.06
7.41
26.01
8.68
53.54
33.27
5.54
27.82
49.34
59.56
34.08
19.05
22.88
36.03
20.33
9.96
14.06
19.69
31.99
38.36
15.21
7.10
45.89
19.34
28.53
27.71
39.33
49.53
12.87
63.64
7.24
64.70
26.44
43.84
47.62
5.07
34.15
0.20
21.52
33.23
22.62
1.50
18.81
68.16
24.56
34.01
33.90
8.88
36.77
9.78
16.41
10.70
32.59
26.90
20.54
37.11
40.51
33.24
22.10
17.50
3.77
39.32
22.55
27.81
43.18
22.64
22.38
0.75
30.08
15.62
8.52
71.08
4.25
44.95
57.63
53.43
28.48
71.61
22.10
21.93
14.50
7.59
18.31
37.34
26.39
2.27
68.02
51.03
68.96
14.54
55.99
38.96
0.38
0.02
29.27
21.31
6.61
83.33
21.50
11.50
0.27
2.89
35.49
20.03
21.75
68.73
18.04
36.87
15.91
44.59
31.97
33.48
36.96
24.43
69.88
40.93
1.76
42.67
0.55
20.66
28.67
53.05
32.53
39.34
30.52
20.33
58.31
0.64
22.30
8.44
19.00
47.42
16.74
24.15
76.88
32.67
78.96
26.23
23.92
1.11
55.02
29.52
61.61
31.23
18.95
51.50
36.25
23.65
5.82
7.40
17.39
34.67
44.16
14.54
3.35
52.13
5.36
12.01
64.41
39.23
54.39
33.10
32.78
55.64
50.56
43.04
13.88
29.10
57.37
66.64
43.51
60.45
33.33
10.26
35.00
77.66
21.94
17.21
4.77
46.64
22.20
56.82
13.69
29.49
3.86
18.69
2.86
23.10
14.37
42.81
5.81
44.13
40.43
5.70
32.69
10.20
40.34
91.47
50.63
73.25
37.65
32.78
42.66
39.02
10.67
10.61
28.65
74.26
37.09
44.45
83.77
35.51
20.48
28.71
80.15
68.92
2.40
32.34
6.74
31.26
28.56
49.29
9.67
66.87
60.06
30.36
9.26
3.91
14.80
42.54
43.72
36.78
53.80
57.19
37.10
19.43
12.06
20.75
17.37
5.35
42.43
25.92
19.06
11.80
27.84
8.81
17.85
18.03
36.76
35.90
2.30
2.99
9.61
81.94
25.12
15.45
46.88
19.33
32.03
43.42
31.12
15.26
24.99
29.09
67.78
46.35
23.02
24.16
92.21
19.77
65.72
14.67
31.31
3.82
57.24
32.01
79.35
37.16
37.32
14.07
72.02
25.92
9.05
40.36
3.64
77.24
5.78
63.02
9.67
4.46
9.85
73.03
18.78
35.49
23.86
27.19
34.08
20.51
42.86
25.30
39.03
15.31
7.94
36.61
92.95
24.83
8.35
51.09
27.42
81.95
41.39
16.11
20.06
44.62
71.87
37.51
34.81
18.74
0.72
40.15
35.15
14.37
12.71
43.16
11.14
5.10
12.45
77.02
28.53
21.36
0.47
76.76
53.95
15.64
12.16
24.22
48.09
31.64
37.69
76.32
45.94
14.71
37.98
17.22
35.47
11.69
2.25
1.11
45.14
19.42
80.40
97.61
4.17
55.59
0.98
7.12
66.11
19.13
37.49
50.65
11.25
25.85
37.15
95.65
67.26
17.46
70.20
40.82
19.79
18.32
56.21
49.76
59.48
59.43
24.04
24.10
51.66
0.88
40.02
64.72
15.94
27.20
20.14
31.05
49.53
20.09
12.82
32.00
85.26
54.30
26.98
31.99
25.04
0.50
31.35
10.68
16.36
99.73
32.01
25.95
11.48
57.42
15.00
13.97
31.29
29.01
26.04
36.15
3.74
81.30
32.85
52.26
25.64
27.97
13.37
6.06
18.22
7.10
61.53
15.28
47.79
34.84
25.30
33.79
1.81
42.32
31.74
48.05
13.92
3.24
14.64
1.21
17.49
88.43
24.84
26.24
3.01
32.00
13.92
15.30
16.89
94.48
16.40
34.60
13.41
14.18
26.90
3.80
46.51
79.33
54.14
47.53
4.24
52.50
11.43
6.77
16.63
29.52
24.06
37.72
19.61
22.72
10.09
18.09
19.31
37.50
37.62
47.63
5.27
43.96
35.08
52.84
52.88
27.75
30.96
2.51
26.20
47.25
24.98
34.22
40.34
6.09
60.80
15.38
35.58
18.81
20.75
65.39
90.32
2.56
18.23
35.20
0.46
51.41
46.14
3.71
42.42
22.63
60.10
31.28
71.20
27.74
34.17
2.72
40.83
49.23
35.87
33.65
59.40
23.25
4.21
80.95
42.17
12.17
23.44
46.39
83.54
62.55
29.08
50.46
36.29
8.72
7.42
11.88
21.59
48.07
1.52
9.85
64.98
15.97
22.93
21.36
43.59
62.24
19.11
30.20
6.10
12.78
23.85
54.20
24.86
53.62
29.79
57.39
32.01
62.48
71.27
24.63
73.99
12.78
10.04
68.69
39.69
50.39
63.90
1.58
22.66
22.41
17.01
36.28
30.25
2.34
18.36
50.66
56.69
20.15
32.71
43.93
21.91
17.84
33.30
31.13
42.28
29.79
33.96
8.30
7.56
58.98
57.53
3.11
83.06
23.81
26.38
30.51
26.49
52.96
20.20
0.94
24.84
2.84
38.47
38.87
18.96
18.90
7.45
43.75
4.37
62.83
54.99
15.97
46.83
56.81
40.60
16.36
34.20
57.33
40.94
31.08
11.25
27.90
46.76
12.25
35.52
14.96
25.28
18.29
15.51
45.14
9.45
59.53
13.33
46.06
25.84
62.00
45.72
27.75
9.36
64.44
55.96
54.86
59.15
31.81
37.89
44.30
27.97
68.41
23.16
40.99
60.70
19.84
8.63
6.88
67.09
13.00
49.79
26.23
38.61
34.28
53.97
22.60
49.96
44.77
11.00
66.25
39.09
43.09
0.53
11.72
23.72
33.89
25.38
16.55
24.55
27.16
44.27
9.17
3.12
21.60
29.39
39.57
26.42
28.76
18.72
30.40
16.21
58.96
20.17
9.37
19.70
12.19
93.26
6.01
58.46
44.68
29.59
42.82
29.52
21.97
22.58
54.47
31.42
14.75
56.33
6.27
56.51
49.37
32.47
54.39
21.86
61.25
51.05
57.18
25.31
8.58
4.72
42.27
34.82
37.50
67.96
66.87
0.97
15.33
45.34
35.39
49.44
80.18
35.01
63.45
29.77
25.32
50.28
71.10
13.58
13.31
58.57
26.92
27.32
56.30
22.32
