100 10 100
9.1222 9.1404
4.3242 8.2069
3.3027 9.0181
7.1246 0.5059
2.9068 8.7362
3.9558 4.0614
8.4722 9.1979
9.0064 3.4654
0.4463 4.3337
7.5800 4.8794
9.2197 5.8058
7.1522 8.2333
7.6320 9.8894
6.2179 2.8317
4.1292 7.1003
4.2284 7.2574
5.6943 9.6040
9.5215 7.8277
8.4355 6.2170
8.5599 8.5469
0.2884 9.8967
9.0282 9.4854
4.6719 8.0192
1.3734 9.8282
6.1362 1.4549
8.2313 6.4513
9.0511 4.4796
8.8466 8.8185
8.2029 3.8950
6.0702 6.2326
5.8065 2.3820
6.8138 4.0340
2.8834 8.0769
2.9393 1.2079
4.2180 9.6314
8.4801 3.0431
5.1758 3.6082
0.8203 8.9784
5.5522 8.9634
7.9955 7.5821
0.3187 1.5794
1.6366 7.7251
9.6409 0.3393
5.2406 7.4449
0.8681 5.0677
0.4328 9.7355
3.3256 5.8186
9.6754 7.5624
2.6912 2.4492
2.4807 8.7636
5.4947 3.1960
3.6030 5.1847
5.8534 1.0585
5.9132 9.3880
5.9395 7.1929
7.6989 6.5808
8.8748 1.2347
3.9879 9.0315
7.7554 9.4925
4.1589 5.1689
7.3333 3.2926
3.5812 5.8069
5.5159 1.4071
5.3159 5.4934
0.2907 2.4582
9.0159 7.8515
3.9448 5.4674
8.0773 9.9597
0.5176 9.3086
2.8222 2.3173
4.3133 4.7211
7.0361 7.7433
6.9947 5.7532
7.5351 4.6778
8.2898 1.0329
1.6044 7.7870
0.6671 9.0981
5.1284 1.5172
1.4671 6.1720
5.0237 0.2981
6.9270 9.2295
3.1887 2.4663
1.2951 1.9774
5.6021 3.6626
0.8024 6.4586
9.4284 9.4475
6.6450 8.3908
3.0302 6.1890
3.3281 0.0639
8.6424 3.8952
8.7309 0.6442
5.1269 4.5948
0.0754 0.0726
8.7066 5.1137
5.6165 9.3940
2.8676 3.6524
5.3171 7.3181
4.7229 5.4378
5.0332 0.0872
4.0458 3.9053
91.09
22.90
40.19
6.68
14.81
34.15
35.25
17.90
20.03
32.32
38.14
30.21
3.84
9.59
3.99
64.24
32.95
75.55
37.85
24.71
53.82
80.51
80.23
1.33
82.65
47.66
47.59
1.61
49.00
28.14
34.95
44.42
36.61
39.39
10.31
32.86
75.40
53.54
24.72
57.62
10.77
38.97
59.41
70.11
2.51
27.47
63.63
53.97
14.34
64.17
5.72
33.36
19.18
52.49
9.22
72.59
17.14
29.03
68.85
38.49
40.52
24.45
67.14
34.84
14.66
8.45
46.06
28.36
38.76
49.40
30.42
15.68
20.93
28.59
64.16
3.16
27.88
44.01
65.66
65.01
27.51
37.39
59.64
61.88
8.04
36.16
9.19
54.68
15.95
93.45
16.44
62.73
97.34
55.84
38.85
49.18
27.41
25.26
30.59
13.18
20.36
41.49
39.06
73.90
18.29
38.02
99.27
6.95
64.20
8.21
88.69
36.31
49.09
74.58
11.17
9.31
53.29
26.01
38.98
8.22
8.93
54.80
19.18
14.93
41.46
7.96
49.71
6.15
2.03
32.57
20.37
46.98
27.82
19.85
15.63
31.66
31.62
4.73
39.13
12.80
3.78
15.06
13.01
30.86
91.89
17.73
40.56
30.50
3.15
38.79
37.55
31.73
45.27
36.18
4.82
2.38
95.84
27.01
21.05
49.01
0.29
30.32
39.42
7.15
55.26
24.04
32.09
55.20
45.08
47.29
32.62
17.33
13.78
70.94
41.90
64.22
10.08
25.75
68.57
38.74
50.51
69.98
23.55
8.30
25.70
6.69
32.45
29.01
21.13
25.23
27.55
14.63
39.79
49.89
45.90
17.05
18.70
9.66
28.52
27.68
62.20
15.18
32.73
58.92
37.49
37.93
35.59
39.95
8.28
85.56
27.49
42.16
13.23
38.18
49.02
32.62
54.54
9.10
50.85
49.26
20.67
35.38
32.71
37.82
22.87
49.40
3.91
66.96
45.49
19.67
40.35
32.62
20.25
40.57
26.89
17.09
4.13
44.50
40.40
25.06
73.91
36.35
57.80
29.79
29.96
24.96
41.31
6.46
35.76
18.91
76.15
12.72
5.77
31.15
58.98
27.70
37.59
16.09
74.38
73.41
66.12
48.02
16.30
7.73
48.83
46.86
1.46
24.12
22.85
47.79
4.47
4.23
10.02
8.96
51.34
8.40
31.48
7.84
43.58
64.73
19.50
17.97
41.14
27.70
56.87
42.89
5.32
29.60
36.21
14.10
91.27
65.02
2.87
68.68
49.38
11.80
51.01
26.52
24.75
31.71
22.71
50.67
8.77
45.53
1.61
66.87
26.98
78.01
1.72
4.59
52.01
28.84
22.93
19.74
4.64
60.97
20.86
36.42
86.99
84.26
26.38
8.01
5.97
43.52
69.32
25.79
11.41
10.29
65.04
12.70
35.07
51.06
37.31
48.06
39.20
19.04
6.25
37.07
9.99
23.57
34.05
6.65
51.24
37.54
33.04
51.06
22.94
29.52
6.05
61.93
72.90
21.71
12.36
30.14
0.31
47.96
34.36
48.96
19.60
3.42
21.07
12.90
1.34
55.87
12.10
4.15
52.46
7.99
70.99
22.79
2.99
21.26
26.82
42.89
45.43
58.71
25.08
59.39
16.21
8.67
66.74
27.90
34.71
11.78
17.90
50.87
37.18
60.21
13.46
64.07
0.92
67.23
28.85
65.27
45.83
28.97
30.94
40.38
72.54
6.54
34.31
29.30
29.85
29.01
55.69
16.94
13.63
6.19
17.16
21.64
32.22
31.22
71.51
13.51
12.70
52.23
7.25
55.13
42.48
35.96
39.26
33.28
12.46
54.66
39.29
63.28
25.83
27.36
26.76
50.58
55.73
62.64
47.43
34.70
33.93
13.64
60.42
27.62
35.23
78.70
67.20
21.31
50.29
29.17
41.18
22.07
31.33
40.70
85.27
31.59
18.60
11.81
24.22
19.37
51.44
56.16
34.31
27.39
13.36
29.81
46.70
46.99
14.13
32.12
25.25
13.17
40.27
13.24
30.10
43.21
51.84
22.60
21.90
57.89
32.29
20.09
32.86
67.66
44.18
24.52
49.89
26.77
9.41
28.08
16.26
66.84
54.62
67.73
69.47
20.99
5.87
50.77
24.31
73.66
45.69
4.86
57.16
31.53
38.61
33.43
32.59
37.93
15.32
19.06
20.64
16.99
44.84
89.57
22.14
39.98
7.87
52.11
25.51
8.96
18.04
26.33
26.42
11.27
74.67
47.05
51.17
7.84
17.21
39.07
14.76
25.35
41.73
36.44
50.25
25.05
21.14
10.76
48.66
48.45
28.12
37.68
51.58
15.70
3.84
23.55
26.21
3.80
12.10
42.02
46.00
60.31
8.82
28.13
12.60
39.04
6.47
38.11
41.30
18.87
14.50
75.11
42.08
24.82
20.18
19.17
76.31
9.13
7.75
22.86
49.00
9.68
38.66
48.52
32.92
24.81
21.78
15.43
61.01
3.86
36.14
28.38
38.02
51.44
8.20
12.31
7.64
54.12
17.41
39.46
61.36
18.31
31.35
85.47
39.76
12.81
39.12
30.04
3.88
32.35
63.16
83.67
33.90
91.96
36.91
84.90
38.42
53.07
45.84
21.32
12.21
40.80
56.31
31.67
2.30
26.14
42.32
6.91
0.11
26.74
23.27
31.64
39.08
41.98
30.93
9.82
13.62
49.26
98.84
33.31
52.74
20.73
71.19
32.88
24.72
45.79
34.61
58.27
24.81
28.10
48.51
44.85
5.71
30.09
7.72
52.88
29.41
31.41
11.61
34.42
36.15
5.62
42.65
46.46
57.47
25.72
75.03
59.79
17.41
93.47
3.42
14.31
8.50
10.19
26.99
34.37
48.51
28.36
10.90
2.35
17.97
65.96
27.72
68.87
36.65
53.33
9.03
45.82
45.17
23.07
3.24
78.88
4.48
27.21
58.12
21.15
28.66
40.68
25.39
67.56
25.21
40.74
39.24
40.50
29.52
85.76
44.15
9.94
11.20
13.39
19.46
39.45
34.09
53.60
20.90
36.52
56.76
15.96
11.94
14.82
93.39
35.28
5.77
4.39
48.91
21.93
30.11
53.90
33.47
18.88
45.10
7.86
21.12
54.30
22.39
29.32
2.87
12.08
9.61
38.03
23.35
77.96
63.22
32.77
16.46
14.16
35.66
22.99
36.05
12.45
1.25
36.83
80.06
17.60
28.10
5.39
29.04
6.32
52.75
43.77
29.31
14.55
35.04
41.23
64.53
22.95
35.16
26.26
8.76
4.17
10.91
24.63
32.46
7.55
6.04
2.16
10.02
15.16
48.18
19.27
56.47
22.65
14.50
25.45
0.22
19.40
3.68
46.14
58.38
46.95
32.97
12.59
21.27
30.05
60.91
10.56
27.06
57.73
77.23
54.30
16.32
41.96
40.91
40.55
23.33
69.09
52.26
9.85
24.59
20.15
12.28
15.10
89.54
15.36
18.15
6.88
11.52
54.02
2.33
42.01
19.38
47.68
12.37
30.50
33.24
39.43
98.55
33.25
26.52
57.29
7.68
2.47
16.60
39.45
28.81
10.68
21.93
2.10
28.31
38.95
72.67
30.99
82.44
66.34
31.39
15.11
94.76
28.19
55.80
12.34
3.48
51.25
12.32
50.02
70.34
25.01
9.40
41.96
36.55
3.51
44.04
11.18
53.47
63.93
10.84
17.68
3.46
24.70
15.23
42.14
15.42
11.75
35.26
64.37
49.81
30.39
27.25
8.39
3.85
11.15
27.68
78.26
0.10
29.83
61.56
14.18
97.90
80.31
8.15
49.39
15.13
49.32
85.25
24.46
8.79
31.92
3.02
19.51
34.28
8.63
10.65
7.75
12.56
24.14
14.99
39.22
69.08
37.68
72.43
15.07
19.85
10.64
54.08
62.65
9.10
10.80
28.89
58.38
50.07
29.48
40.66
25.90
20.69
36.76
36.07
27.45
35.61
42.47
14.77
30.29
52.46
18.69
76.61
42.11
62.04
2.79
2.15
46.86
23.24
42.33
80.53
55.73
23.17
30.78
57.35
55.12
24.46
22.54
37.87
14.62
35.17
8.56
5.11
2.98
32.00
26.31
55.71
23.50
31.18
10.46
44.86
15.07
11.44
36.82
45.77
17.01
0.02
60.66
34.91
60.83
21.27
5.24
3.52
33.88
15.41
19.76
41.43
61.09
6.18
53.77
11.42
35.51
11.38
23.40
48.77
24.02
56.91
86.43
43.59
49.80
36.80
40.99
47.89
47.49
35.64
27.74
40.61
44.01
11.51
74.94
20.40
9.93
23.37
52.78
45.20
21.08
50.04
26.95
23.74
20.60
16.55
17.33
22.83
26.40
31.18
18.79
38.44
17.47
22.37
23.98
52.59
17.80
6.29
31.66
34.70
20.84
5.48
3.82
33.82
23.96
5.05
28.62
32.01
29.89
14.20
70.71
46.03
22.50
14.92
48.05
69.68
16.22
14.91
0.39
14.91
22.67
41.16
35.23
5.83
38.04
19.86
29.58
5.08
76.01
14.68
13.62
82.24
53.43
34.77
13.29
27.14
26.76
24.14
33.23
24.34
27.76
17.30
45.18
77.65
43.85
33.30
43.40
26.49
11.99
29.34
50.14
68.00
51.60
30.22
34.93
50.09
32.80
54.90
25.59
52.72
1.00
45.22
53.73
39.47
49.27
87.18
3.86
63.41
7.53
4.47
13.47
38.81
45.55
58.12
56.37
8.92
38.43
53.75
33.77
61.09
15.33
7.54
25.01
2.17
0.90
57.00
28.41
43.80
37.08
41.70
40.84
22.97
42.55
63.30
40.85
45.17
45.54
16.31
40.12
22.84
31.13
51.36
11.16
1.44
15.00
9.05
65.08
66.33
41.44
1.33
5.15
61.36
34.98
59.13
36.97
70.30
32.34
16.46
59.28
9.39
35.90
18.35
3.14
24.86
6.34
34.45
19.55
20.81
57.00
47.23
14.86
62.70
89.74
18.86
47.79
44.74
19.10
28.37
11.13
16.64
37.71
20.03
19.05
26.87
5.53
28.37
0.72
89.74
31.99
44.31
42.51
35.84
18.62
76.80
29.87
56.02
68.93
44.01
7.00
21.25
50.89
24.95
38.76
49.23
15.92
11.04
58.18
57.67
28.52
13.52
26.32
8.30
32.61
84.19
56.15
18.51
56.29
12.57
20.93
1.12
39.81
2.83
78.21
43.06
21.49
33.62
56.71
64.84
14.46
50.48
67.86
40.04
9.06
12.28
14.75
16.39
32.96
24.67
13.16
61.02
58.57
64.27
11.23
26.01
18.69
75.28
35.15
34.35
43.56
34.17
56.21
6.31
29.56
15.85
59.26
69.66
16.53
95.35
69.81
34.10
22.28
39.04
39.54
42.60
66.80
58.70
45.58
31.49
9.28
87.61
49.63
86.99
19.63
29.49
22.32
10.89
61.83
13.06
23.35
32.77
10.61
47.10
21.65
9.64
6.01
51.11
22.83
5.91
48.41
54.92
12.52
9.19
10.67
52.53
16.08
24.59
84.18
26.77
85.07
62.62
47.82
9.79
19.92
30.98
27.06
46.92
62.86
5.83
37.25
18.95
6.44
31.46
32.58
17.59
22.68
41.05
63.21
28.91
10.96
66.68
62.87
27.38
32.73
0.62
22.86
32.53
23.22
4.84
67.47
84.58
73.39
21.04
50.39
32.94
53.51
22.81
28.90
3.84
46.21
20.53
8.77
23.01
59.12
42.34
11.02
46.97
29.14
68.42
43.03
64.78
25.57
46.37
45.09
40.58
26.02
50.75
41.31
39.41
39.21
27.46
89.94
29.67
13.79
18.08
16.04
33.11
39.06
19.54
11.45
2.86
49.00
33.78
26.42
24.05
36.85
14.30
54.47
19.49
18.25
33.15
9.12
25.52
52.63
8.33
12.88
64.55
6.90
85.93
93.27
62.23
5.94
8.71
30.22
21.31
38.63
11.95
50.10
41.78
41.18
1.30
55.28
66.06
74.48
15.38
32.37
7.09
17.21
42.78
15.68
54.08
30.17
41.45
46.68
11.76
21.20
82.12
51.27
50.39
41.61
19.10
23.11
59.65
15.29
37.91
9.75
15.08
36.79
9.16
16.66
29.86
30.65
46.52
38.84
46.27
34.91
17.65
17.93
4.44
42.02
9.07
64.25
42.39
35.15
7.45
53.57
47.39
55.67
0.01
37.65
7.12
29.43
7.32
11.44
4.24
28.96
54.61
9.77
34.52
11.45
23.39
11.92
79.54
53.24
11.13
68.78
33.08
7.64
12.42
1.73
29.83
2.83
20.13
7.21
11.81
45.73
74.75
14.97
30.18
6.35
43.68
68.49
64.99
22.64
70.71
4.96
39.09
17.70
13.39
34.32
40.36
30.44
54.91
4.41
12.12
31.14
33.48
16.28
7.35
87.76
44.69
21.18
18.47
24.47
21.33
7.98
32.35
63.79
40.98
8.44
19.49
21.25
32.46
47.30
29.35
18.14
15.69
60.05
26.37
17.41
33.26
29.94
78.90
81.67
35.11
18.96
28.06
63.81
11.41
47.23
26.38
42.75
25.69
34.43
23.15
7.66
50.28
36.71
27.49
20.98
21.88
18.14
49.36
51.19
70.84
36.98
8.52
23.47
0.24
43.18
1.38
24.63
1.58
75.08
19.60
51.35
40.21
74.04
35.83
22.60
31.33
11.72
20.69
19.73
17.66
2.02
28.28
59.43
41.60
30.04
16.26
62.57
83.03
37.70
49.72
21.44
52.74
29.87
29.98
4.33
20.69
48.91
31.82
51.47
32.40
33.14
14.60
25.92
22.72
12.34
4.78
26.38
63.30
2.11
27.76
37.97
31.06
55.30
26.88
47.62
22.44
37.44
58.57
12.58
85.31
66.37
34.38
22.23
61.24
25.51
52.17
23.66
43.91
3.11
85.79
25.12
91.56
22.01
9.31
37.85
46.90
62.98
41.35
4.44
26.92
1.27
24.93
31.45
28.48
3.38
13.56
43.58
20.53
79.62
31.00
65.38
7.08
51.16
17.56
30.75
27.56
21.34
40.46
9.50
11.43
28.63
12.18
29.36
1.08
38.75
11.61
27.42
8.94
27.30
46.76
12.80
13.64
11.37
42.81
2.03
2.55
24.29
14.76
9.45
61.55
56.24
44.95
45.59
45.72
48.21
17.16
26.88
17.46
63.91
2.73
58.40
70.82
3.65
15.90
4.28
26.82
65.72
21.30
16.90
13.03
55.97
34.69
28.37
15.15
55.11
65.91
62.00
26.37
33.14
48.93
16.63
30.91
24.51
25.60
64.24
20.08
15.76
58.46
64.52
15.48
77.38
43.62
14.86
41.50
44.31
64.12
42.09
38.15
2.19
15.81
49.86
19.23
57.38
60.56
46.43
25.66
34.03
40.54
65.39
32.08
19.05
45.36
4.72
8.53
89.04
3.01
35.33
10.04
17.48
25.53
67.55
52.58
65.42
36.51
31.30
0.91
16.31
70.80
32.69
31.06
18.54
45.96
60.76
35.00
79.51
40.78
50.80
9.14
64.72
46.72
6.27
28.71
35.08
20.12
42.07
27.22
77.90
77.49
42.81
52.85
5.31
28.57
46.98
8.53
7.19
66.67
0.18
31.69
45.90
34.02
0.58
45.18
25.46
15.84
32.53
27.35
29.62
19.08
20.46
71.82
17.15
11.62
26.60
20.78
57.62
25.52
26.94
20.29
24.71
20.39
45.19
47.52
30.38
27.71
66.98
22.04
7.29
39.90
31.04
10.09
88.89
32.37
80.76
33.24
33.94
35.87
55.11
41.99
17.24
16.67
59.50
42.60
4.72
12.68
72.06
43.21
22.03
20.13
30.50
15.60
66.06
18.69
81.65
12.04
5.03
30.93
19.01
13.13
2.67
22.93
62.12
44.11
33.26
13.40
8.57
0.44
67.13
20.71
15.34
14.89
6.06
28.59
17.02
22.89
29.18
27.76
49.47
24.40
26.47
67.27
8.83
30.77
29.10
30.17
18.56
55.24
58.38
17.84
8.18
40.44
26.74
76.09
31.90
35.45
7.50
60.60
10.54
36.56
50.96
11.73
17.21
53.21
13.11
31.07
2.61
60.96
27.46
12.04
2.86
13.75
11.60
39.74
27.61
32.78
48.54
49.55
47.99
45.42
45.30
42.38
30.78
7.77
15.36
6.01
2.65
14.09
66.99
6.03
46.81
22.95
38.48
38.52
7.10
45.43
21.49
60.85
37.28
50.98
57.79
32.73
16.45
9.49
5.52
28.86
13.72
18.82
31.64
65.29
37.06
11.45
22.11
12.21
35.94
27.13
32.36
3.10
37.10
64.17
2.99
10.09
41.33
8.95
40.33
2.69
20.10
59.67
45.89
27.55
1.01
43.06
24.47
18.39
22.40
44.99
55.99
23.68
60.53
23.73
31.21
39.93
8.12
19.22
36.95
45.26
55.48
42.46
12.90
79.01
27.82
17.98
11.37
34.97
78.79
65.70
69.29
74.23
13.99
11.07
34.96
31.61
6.02
38.27
50.43
29.83
26.32
36.08
0.51
12.68
29.28
42.27
44.21
43.12
35.63
33.18
63.18
29.94
17.99
25.61
53.12
7.11
5.10
1.79
69.26
20.46
14.63
21.10
52.44
55.88
7.20
32.67
52.17
28.37
78.81
78.84
18.12
28.49
29.41
5.47
74.86
18.93
42.78
15.14
10.82
42.97
4.22
15.96
12.97
22.11
16.63
11.12
26.41
20.84
48.42
59.48
4.97
21.36
31.34
42.13
19.46
27.54
17.44
45.08
29.83
48.27
80.99
5.24
35.06
5.31
25.04
38.33
35.85
75.88
47.91
69.49
25.27
6.63
45.08
37.44
58.53
30.89
14.13
45.46
49.61
27.38
41.26
2.25
27.04
33.59
46.27
11.36
17.35
28.59
77.03
22.16
14.47
80.71
25.24
12.22
8.81
48.42
14.09
95.04
31.46
23.29
8.25
36.10
35.51
7.01
20.64
0.88
30.38
30.89
0.98
0.31
60.50
56.74
2.94
23.01
62.63
24.18
11.64
6.43
57.93
10.70
17.53
15.47
34.99
7.43
58.27
69.01
23.13
45.53
14.29
28.67
27.63
15.63
19.01
74.12
86.06
6.55
86.06
11.21
48.84
24.42
1.23
22.53
64.40
30.65
16.53
23.50
18.87
67.94
42.57
39.87
45.29
23.41
13.79
2.60
27.92
29.68
25.51
31.02
33.63
38.14
6.94
40.08
45.56
8.11
11.79
20.62
33.77
1.04
26.76
43.98
36.20
1.97
68.90
16.27
12.98
11.87
43.88
5.54
28.74
13.81
49.90
21.54
19.08
34.38
12.39
26.78
7.60
81.79
3.70
5.55
54.40
0.37
8.73
53.27
57.58
39.85
17.88
49.11
2.67
44.70
28.55
3.59
43.12
33.85
66.44
60.07
23.62
28.34
35.94
39.27
20.35
21.10
18.96
32.38
4.78
11.31
39.42
6.01
70.92
46.89
44.33
64.62
59.62
94.40
49.14
6.44
43.09
57.55
36.05
44.81
65.25
81.55
29.74
21.22
52.43
10.80
47.56
54.94
10.18
76.98
29.82
7.71
22.77
1.73
21.86
42.60
45.77
19.72
15.86
0.13
44.11
89.15
72.01
29.27
21.11
44.73
2.67
32.19
10.19
3.32
14.35
45.07
33.34
6.51
20.06
0.34
19.54
23.66
24.36
13.62
24.53
12.28
45.25
14.41
20.26
19.91
67.24
10.04
53.28
8.31
32.15
2.31
3.51
1.59
44.63
14.94
48.63
98.92
22.84
18.99
7.15
42.90
17.70
22.77
10.38
28.97
23.24
13.08
17.21
6.42
52.79
25.32
20.08
19.88
52.07
50.40
10.66
36.97
76.74
86.94
28.33
35.76
55.67
90.81
5.16
7.01
43.73
12.67
2.71
81.57
46.33
47.40
20.74
33.59
12.96
30.14
53.40
62.45
27.50
18.08
34.06
24.77
22.21
42.90
40.26
39.93
8.84
38.16
24.99
3.92
28.83
32.92
42.11
31.94
44.96
4.39
86.26
32.95
63.96
12.30
67.72
9.95
43.22
34.19
34.78
22.87
20.70
8.46
60.78
19.94
5.55
8.20
51.66
42.81
49.35
63.67
28.70
71.78
36.96
8.14
49.43
73.20
66.85
31.25
36.02
19.60
19.40
45.37
28.37
59.18
2.96
17.96
33.92
7.60
38.28
53.08
15.56
75.79
24.87
21.22
33.72
13.39
2.80
17.62
47.41
26.06
13.50
20.55
32.04
25.87
12.73
35.97
81.18
41.31
16.10
11.33
47.79
74.27
9.04
33.01
33.54
29.54
60.16
26.94
43.46
34.99
44.50
8.97
32.62
27.43
67.65
23.40
46.95
60.99
61.62
31.52
87.52
2.24
67.04
13.77
21.28
19.43
65.31
57.57
48.60
65.88
59.21
18.43
44.30
7.60
17.24
44.62
26.38
2.25
29.05
20.45
20.27
32.78
69.29
53.31
6.98
0.38
38.21
89.28
12.14
42.04
17.79
61.50
33.38
50.62
97.96
27.48
7.76
13.90
51.58
6.07
29.50
13.05
57.95
84.58
20.62
61.76
60.01
12.08
4.95
6.93
38.58
67.14
5.69
3.01
5.54
12.14
78.54
22.04
28.81
48.24
37.22
27.51
9.67
36.72
72.37
15.47
2.99
32.65
27.41
13.82
28.59
39.26
92.05
7.51
32.50
73.27
72.54
18.62
61.75
5.09
15.02
24.69
18.00
12.65
20.13
0.25
50.84
56.36
37.38
14.93
18.80
36.77
4.68
40.77
47.30
22.03
19.46
19.49
46.83
90.72
5.73
17.32
26.16
30.80
19.91
3.37
61.71
36.46
11.80
16.03
3.52
31.94
49.01
14.10
55.26
23.82
28.35
24.08
30.09
66.47
2.78
22.99
27.11
5.67
43.38
38.79
16.11
26.65
24.27
16.65
98.69
3.04
31.76
49.97
6.60
20.31
26.24
4.29
49.22
34.27
35.15
80.46
25.81
17.83
70.95
5.23
32.17
66.71
19.42
0.74
70.06
44.23
29.16
17.80
13.95
35.49
3.85
37.87
51.85
12.64
5.82
37.77
26.72
23.57
22.80
66.30
4.22
27.84
23.59
27.33
33.23
55.15
65.96
6.36
22.30
46.93
85.46
18.85
1.65
22.04
25.85
45.34
13.32
84.27
42.07
48.93
50.95
41.01
0.06
11.71
32.65
53.01
30.09
13.77
27.11
21.26
47.74
48.57
6.44
23.66
33.29
15.49
2.74
17.81
0.36
52.73
17.13
35.47
72.51
37.31
3.28
55.25
60.52
65.02
35.96
47.28
13.78
47.93
41.13
37.67
32.23
8.67
27.17
10.96
20.48
72.85
67.08
34.59
16.95
31.82
0.99
46.92
4.01
31.94
47.53
48.87
14.11
37.17
13.45
9.26
43.18
28.42
67.94
37.52
30.65
31.53
59.84
5.30
5.65
46.98
20.76
42.45
17.07
28.18
30.64
1.19
49.07
36.80
0.19
13.65
82.52
59.03
38.82
41.62
8.64
86.83
30.89
44.61
55.67
8.75
15.60
25.04
5.94
45.62
41.37
30.03
18.01
55.08
85.65
51.30
2.03
70.08
70.25
13.44
43.50
71.47
44.42
42.18
81.35
24.99
93.84
83.37
39.64
23.39
36.45
43.94
15.22
4.63
9.12
27.48
12.01
66.24
10.90
77.39
8.22
41.80
15.14
45.85
52.11
59.23
49.31
34.98
31.30
55.25
4.40
85.91
54.10
27.55
18.63
2.38
46.00
47.56
69.35
49.33
44.40
66.96
8.32
57.80
7.07
12.06
15.96
38.35
16.69
38.99
36.02
37.74
27.02
46.69
99.89
22.73
5.03
21.91
57.45
65.96
9.52
29.40
51.08
18.73
62.70
57.24
23.11
24.15
8.86
29.40
36.25
41.39
10.48
38.12
7.74
44.71
36.10
1.56
21.94
44.33
44.96
42.97
55.57
58.08
29.62
51.69
39.20
0.98
0.93
34.79
12.98
6.29
43.85
31.06
23.60
6.51
60.37
34.58
63.06
55.74
55.39
4.35
42.45
48.51
85.62
48.28
50.34
12.91
25.89
39.70
20.15
32.61
27.69
74.04
34.18
35.99
28.87
10.45
27.51
39.05
32.15
7.53
18.25
46.91
18.11
31.61
18.03
46.53
31.28
30.03
16.66
0.16
46.62
58.64
55.83
62.98
86.61
29.85
8.68
20.41
9.56
43.38
18.08
54.88
75.27
32.17
5.55
53.93
75.20
22.14
10.72
36.40
50.86
5.99
41.12
59.01
3.42
18.23
6.84
36.53
0.83
97.07
32.13
18.19
23.58
2.48
18.93
10.35
4.25
27.70
31.20
21.08
23.30
55.47
9.37
25.94
11.94
74.17
57.71
38.23
18.40
46.58
22.81
30.31
44.67
32.87
29.28
21.03
41.65
70.12
8.78
71.09
10.11
9.72
32.40
43.08
41.97
11.34
47.45
74.51
48.59
24.66
16.52
19.72
10.38
83.71
55.90
9.11
14.22
8.75
10.97
17.63
31.42
18.33
15.30
11.36
20.65
15.41
70.30
9.32
38.65
39.33
65.02
36.62
42.50
38.79
23.59
43.89
41.69
59.14
55.27
28.19
45.58
39.54
0.64
7.11
26.98
15.29
6.22
22.39
37.08
29.72
15.66
49.49
35.32
87.08
11.88
41.89
34.09
13.78
9.14
39.55
50.03
35.12
1.49
23.80
19.56
96.88
49.09
33.45
22.83
30.43
13.68
30.87
29.77
30.85
34.36
97.92
10.38
18.03
4.95
13.19
39.08
18.39
69.89
4.72
48.03
54.78
31.42
37.53
14.62
19.89
98.24
60.73
56.52
10.33
23.61
37.20
6.06
36.60
27.49
0.42
71.89
17.33
25.65
35.24
9.24
77.06
51.72
44.26
5.71
1.41
29.75
1.15
64.61
12.53
0.47
0.09
19.13
31.48
64.82
34.51
38.15
27.39
19.40
19.52
59.06
51.66
36.26
50.05
52.36
14.02
23.93
10.61
9.51
32.78
94.90
75.83
14.81
24.75
27.05
50.39
79.35
11.82
4.63
8.15
24.52
14.61
25.42
30.76
65.69
47.80
2.29
11.62
10.51
11.26
56.85
49.98
37.86
30.03
37.30
41.53
60.40
9.04
29.36
2.28
61.31
26.59
31.52
46.24
72.30
21.52
5.14
1.35
69.43
14.42
50.69
23.18
66.02
32.60
11.36
11.70
2.85
8.50
11.21
45.64
14.43
13.98
72.98
98.73
60.08
34.54
64.16
24.69
44.01
35.17
17.52
45.84
32.44
36.17
41.23
1.96
31.05
12.21
9.68
17.50
29.67
54.64
63.77
33.37
54.36
86.48
31.77
0.85
16.25
40.89
52.42
1.43
50.85
67.18
11.34
20.26
26.74
19.35
18.56
38.78
24.13
36.40
53.10
32.11
4.72
44.27
15.34
63.29
12.38
75.67
23.87
62.40
23.34
45.54
52.54
92.83
0.14
40.46
16.78
66.37
12.34
49.63
23.63
19.45
25.31
10.27
30.30
22.62
42.01
44.57
20.64
11.69
89.01
38.14
34.72
55.04
5.77
76.50
51.26
29.93
11.58
2.59
55.26
39.31
34.65
14.80
20.18
16.73
53.12
22.40
3.83
6.23
7.40
23.44
35.63
32.82
17.36
35.43
56.62
37.31
18.20
27.67
44.15
36.69
60.71
26.99
13.32
35.16
25.94
44.63
28.24
11.54
50.26
23.95
21.41
25.41
66.40
36.82
41.14
14.78
21.41
4.45
23.59
4.18
51.41
30.56
74.12
13.49
9.90
14.65
41.59
25.99
65.33
13.41
88.16
24.96
7.38
26.61
75.15
17.82
48.42
13.54
35.01
13.96
44.36
48.35
37.99
30.57
18.33
24.09
36.26
48.44
52.06
4.68
38.69
25.29
20.69
52.59
87.30
34.26
3.21
88.18
32.49
29.92
14.33
56.22
67.31
38.04
26.06
36.96
24.56
12.62
21.68
18.53
22.26
16.48
41.34
28.53
37.30
45.46
10.54
33.89
23.08
19.56
67.74
6.38
0.23
50.11
50.11
26.87
0.18
68.38
7.75
5.56
76.44
21.33
13.42
1.78
29.70
15.86
72.26
35.54
16.73
58.05
26.33
19.77
98.11
64.48
71.69
2.58
1.38
12.67
42.36
25.79
24.76
45.65
26.62
77.85
5.77
30.19
49.46
15.78
24.92
1.30
11.98
22.64
60.29
9.34
30.06
47.33
13.66
58.63
31.26
54.20
2.92
17.59
30.28
15.57
20.71
8.56
30.82
49.07
47.73
23.84
43.28
22.75
0.21
10.79
46.83
12.68
34.19
39.48
81.88
60.40
47.08
26.80
20.34
34.53
14.06
14.84
4.79
29.54
0.13
7.56
10.75
20.31
0.95
44.63
41.75
41.84
32.03
41.02
34.15
7.04
33.76
8.44
29.30
68.05
7.96
22.39
32.60
2.81
51.77
54.01
69.22
20.42
2.46
21.39
11.23
44.59
29.05
36.78
4.09
2.15
27.25
26.24
41.86
56.07
19.66
13.00
30.16
16.65
6.68
7.85
43.98
48.29
8.12
2.41
34.70
16.67
46.54
3.90
46.54
9.32
22.55
7.18
71.55
8.02
19.32
47.33
47.04
69.47
25.29
19.67
33.99
64.63
3.13
42.88
50.29
28.71
16.14
71.44
29.76
7.66
34.50
0.98
25.99
61.71
6.98
23.30
13.69
44.76
22.28
12.56
61.99
19.21
23.55
66.12
17.69
35.51
24.34
5.35
15.91
40.94
22.64
60.67
58.32
2.71
0.70
56.46
19.47
22.27
61.64
19.51
34.42
59.51
37.64
75.00
26.60
38.14
61.27
12.52
52.75
5.77
8.26
27.38
21.92
33.36
8.35
21.16
32.40
8.25
36.30
12.30
13.78
18.24
7.88
25.67
16.10
64.51
79.11
12.64
41.12
7.28
25.79
31.28
44.89
30.90
30.06
17.72
42.51
10.34
15.88
9.96
47.61
29.55
56.24
12.54
41.07
50.45
51.14
30.75
31.42
54.11
65.45
43.04
44.41
77.98
39.19
71.74
9.11
16.08
8.60
19.47
28.64
27.54
24.71
80.21
10.51
3.32
27.97
37.02
25.78
23.69
82.41
42.80
13.05
19.22
13.15
64.36
1.53
12.43
24.62
35.24
0.75
8.52
55.87
50.51
67.79
14.05
53.03
20.65
7.32
44.49
55.79
13.52
2.03
66.39
4.97
42.39
17.08
8.47
69.92
7.87
41.21
18.46
10.66
12.08
60.08
4.22
14.47
11.49
25.96
4.22
43.66
47.56
54.59
51.27
15.62
27.19
48.63
9.96
13.72
22.51
19.71
9.03
49.43
10.82
18.53
30.73
48.99
15.64
24.35
9.96
6.07
14.67
31.40
61.38
23.31
58.53
15.63
28.85
35.29
33.50
56.28
40.70
45.78
41.82
13.02
50.32
39.13
31.24
11.95
18.78
54.32
27.54
16.36
24.76
32.95
57.63
67.81
2.03
36.28
13.89
15.12
63.96
7.82
49.72
1.49
33.68
18.34
39.24
74.50
27.77
27.71
50.31
63.79
3.31
31.16
21.73
23.20
24.37
56.81
14.06
33.18
22.87
2.21
62.12
24.83
23.54
22.46
20.15
37.04
32.68
6.72
17.53
32.54
8.94
16.27
42.62
12.93
51.84
33.29
44.47
41.45
50.66
43.90
14.66
51.44
51.65
35.01
30.88
66.72
41.49
11.25
1.31
45.78
47.70
7.62
51.29
64.42
20.33
6.97
59.90
43.23
35.31
24.26
41.61
44.91
19.06
5.35
93.91
45.08
64.64
42.92
9.60
14.98
41.41
19.46
31.86
81.04
36.27
64.97
28.08
39.06
47.68
3.60
11.59
28.78
35.58
28.30
16.59
23.29
51.30
46.57
37.27
52.87
43.02
53.05
35.52
38.11
4.92
20.49
16.91
19.19
34.59
47.68
34.44
60.53
9.89
60.07
8.87
97.81
17.81
80.39
12.28
1.40
6.73
22.76
28.50
27.61
60.62
56.39
65.19
59.05
35.77
29.93
59.23
10.94
6.00
55.12
79.97
55.43
16.90
12.48
31.33
5.76
41.83
11.54
3.15
4.23
40.91
38.54
30.15
44.39
50.75
53.34
7.76
9.03
48.01
14.22
27.71
1.12
27.52
6.33
30.41
42.75
2.79
49.73
58.41
3.34
35.22
33.08
11.92
64.30
12.02
0.32
35.12
7.85
33.55
46.23
19.40
75.79
50.27
15.57
16.00
6.23
50.49
16.78
45.95
18.59
60.05
8.63
29.42
16.96
30.81
59.91
59.67
78.26
44.68
13.19
90.59
12.81
37.52
16.13
19.63
11.88
4.64
21.63
5.68
98.16
17.76
12.47
27.00
41.33
14.78
2.34
10.26
20.61
19.19
40.50
83.46
64.34
18.77
21.05
14.83
85.22
21.77
36.97
23.13
17.46
15.44
10.42
62.31
38.64
15.12
8.23
38.42
38.43
38.54
38.29
14.54
30.77
40.48
24.94
26.03
39.74
42.19
12.89
16.13
4.11
7.35
31.46
50.89
7.15
35.41
41.04
10.45
34.86
14.25
54.76
50.86
43.04
60.82
1.93
21.10
27.36
40.23
63.89
52.11
8.08
18.05
38.67
67.19
61.74
5.99
7.57
64.69
24.00
57.25
21.79
80.22
35.84
26.31
42.23
14.19
58.46
54.65
71.53
22.39
6.48
10.01
23.05
71.65
31.89
49.30
13.35
20.41
26.68
6.12
60.98
10.77
52.93
0.20
27.89
19.02
39.59
45.72
34.52
59.56
19.45
24.14
25.34
25.09
81.28
40.29
12.61
19.99
52.41
51.32
63.98
10.67
19.05
98.13
44.66
23.09
0.11
46.41
4.65
25.04
3.52
3.77
48.86
54.35
36.21
13.98
18.48
46.35
19.94
56.00
23.08
6.97
23.20
33.63
46.46
5.69
26.26
22.71
17.46
10.52
15.04
2.83
14.83
35.18
7.75
75.13
34.62
37.70
39.03
60.13
64.95
30.68
40.87
52.54
36.55
31.11
54.17
31.51
14.13
3.32
28.23
2.07
72.31
25.37
30.85
29.46
18.92
9.42
53.12
9.29
16.89
19.59
33.17
6.94
26.71
38.07
69.37
26.14
58.44
51.58
37.54
76.31
48.54
17.77
15.69
84.15
42.13
85.66
13.11
44.81
46.40
31.24
20.68
54.53
8.26
15.46
67.07
9.14
64.64
6.31
77.23
44.57
28.31
34.88
4.08
22.69
36.86
3.93
21.75
42.35
5.33
15.48
2.14
81.29
5.87
20.39
73.14
23.05
25.73
21.68
40.16
49.42
49.02
38.71
59.44
15.49
21.32
44.23
37.33
24.26
29.89
45.49
33.52
13.68
9.54
21.04
11.28
11.71
13.83
4.85
30.11
40.29
26.59
21.31
28.37
22.99
13.94
15.14
51.64
26.31
14.65
77.33
12.60
27.43
2.75
16.17
52.21
8.02
24.21
9.09
71.82
13.76
30.63
47.39
35.96
17.31
47.44
61.00
59.31
25.76
28.49
68.13
49.33
13.22
44.96
22.92
20.46
20.81
65.85
17.56
47.41
11.51
38.52
13.09
35.95
2.35
23.52
32.83
14.42
32.78
48.14
6.02
36.43
21.30
18.26
21.55
43.88
3.65
70.99
54.25
8.31
46.07
23.35
34.77
0.79
3.96
39.94
15.59
0.01
45.85
26.75
23.51
13.30
44.87
17.86
56.91
30.14
34.73
5.85
9.55
13.81
83.50
14.49
44.88
30.76
41.87
25.81
6.91
11.87
5.58
46.15
46.20
20.78
26.12
68.04
5.92
69.62
18.71
50.35
39.84
18.74
43.94
13.77
49.36
12.04
26.94
60.32
75.65
67.04
8.82
0.07
21.51
29.82
39.07
36.24
98.10
3.23
37.52
65.10
4.69
31.58
19.40
10.71
20.68
36.35
23.93
40.18
28.27
50.24
66.42
43.46
62.31
16.29
4.86
0.08
19.23
46.42
44.40
5.47
56.56
62.72
24.30
30.23
14.41
57.57
69.08
33.43
42.66
18.65
11.93
28.98
24.86
18.41
33.75
23.53
47.22
15.91
19.02
46.02
15.11
50.31
60.23
20.61
34.94
22.53
33.35
23.71
22.95
14.17
44.07
20.22
36.75
80.98
19.82
55.72
19.35
12.67
49.42
4.75
21.10
34.01
24.76
19.39
4.48
46.75
34.15
69.85
19.78
41.27
15.72
15.06
5.45
20.69
30.21
46.36
33.57
37.10
17.65
55.18
1.21
3.35
37.33
34.76
77.24
48.62
1.77
18.60
37.09
29.65
84.54
3.68
19.82
73.73
14.82
34.36
21.71
27.06
50.41
15.88
8.02
42.42
48.76
40.75
10.31
1.99
75.33
89.10
82.05
9.09
43.68
50.17
92.16
44.97
55.39
38.65
31.16
28.36
25.90
95.42
42.32
9.15
29.80
45.82
74.32
16.87
16.73
42.54
66.96
68.39
23.71
10.20
92.69
23.71
56.76
12.10
10.08
52.83
27.97
7.42
60.37
33.89
67.31
9.92
22.44
56.43
59.60
49.57
24.42
45.59
18.81
56.01
23.67
3.16
20.11
14.75
19.89
10.91
8.99
27.60
59.97
40.99
67.44
22.23
84.34
40.83
1.51
25.70
22.72
59.02
61.71
32.29
26.56
33.18
5.52
38.55
10.10
57.19
11.12
2.14
41.78
17.28
28.22
64.02
23.45
44.82
34.20
64.33
21.61
27.30
32.64
12.65
55.10
2.62
90.97
12.43
63.40
20.70
8.58
0.57
70.09
5.96
52.03
23.59
42.74
9.66
2.09
64.44
46.50
9.86
0.60
95.83
48.31
21.99
28.98
29.63
59.12
26.63
36.30
60.78
54.74
1.72
12.81
98.89
17.87
35.23
60.41
56.32
47.02
20.56
7.25
33.81
4.32
60.49
40.75
27.91
32.52
57.05
42.18
29.43
43.79
75.41
5.58
38.05
14.86
16.40
10.00
58.49
23.40
10.75
17.04
88.77
23.01
72.76
5.97
2.98
43.38
13.42
14.84
83.12
22.46
25.11
14.24
63.05
37.95
57.75
20.72
9.85
16.04
3.94
33.47
25.48
40.66
52.45
13.36
66.26
5.29
47.09
44.39
22.91
16.14
57.64
40.63
20.75
37.99
16.22
17.21
82.33
42.12
0.46
38.63
51.39
10.76
48.37
28.29
70.04
27.09
55.82
5.74
0.34
55.97
5.01
13.09
31.88
20.29
42.60
16.69
21.46
22.14
65.51
70.86
44.65
44.41
32.11
34.01
9.18
63.77
39.44
23.34
31.12
4.02
20.25
8.13
20.19
37.25
24.40
64.11
45.06
16.44
1.36
18.07
8.80
38.55
55.30
34.70
33.60
53.06
37.41
19.42
42.76
5.89
26.66
6.16
3.53
1.19
1.58
23.89
31.74
42.25
69.49
41.60
61.62
0.32
44.53
41.05
13.81
58.70
34.94
29.25
10.79
39.19
83.28
27.82
21.40
44.51
7.90
42.44
4.24
44.74
17.70
36.78
11.56
9.92
20.49
85.08
48.49
65.81
34.66
8.95
0.69
27.14
7.96
2.45
6.83
30.94
67.27
50.49
38.48
12.87
31.88
19.55
18.06
7.07
4.90
59.33
30.65
7.79
33.78
9.16
29.10
46.07
1.32
29.05
32.87
50.42
43.76
20.78
32.49
13.53
4.09
81.59
64.44
12.68
46.30
34.02
48.17
12.78
36.44
21.75
55.22
18.51
38.44
51.58
36.07
45.01
17.93
29.55
38.06
10.78
42.84
9.12
35.26
39.51
0.04
86.91
58.47
15.49
57.65
29.00
46.65
63.53
37.81
12.68
41.50
48.91
39.16
34.07
16.08
24.21
29.41
15.53
14.72
0.57
18.67
26.59
48.13
59.28
27.16
20.24
63.07
54.49
0.28
26.37
16.59
54.97
21.66
22.79
38.23
49.61
23.32
29.36
12.01
3.98
14.94
45.36
21.24
19.61
38.58
55.29
0.75
70.27
70.80
24.24
47.42
0.43
41.82
14.47
25.09
9.14
55.77
19.86
27.48
36.87
37.96
11.07
22.49
6.34
24.70
34.28
12.79
51.73
60.57
25.04
9.16
9.13
23.49
12.62
19.68
38.94
10.13
34.93
30.56
8.95
13.11
36.37
47.96
43.44
36.86
63.95
31.15
11.72
48.07
29.14
13.02
59.41
5.96
36.91
16.01
46.96
41.86
24.24
2.31
48.15
1.28
24.52
37.08
53.72
11.41
30.82
4.57
9.44
85.63
62.68
72.54
24.79
19.73
20.78
10.30
38.59
67.17
45.18
7.57
37.46
54.21
65.95
40.39
36.56
65.54
4.55
38.62
30.25
67.04
15.45
34.01
16.09
29.22
36.16
29.48
30.86
73.58
24.17
52.86
22.81
84.84
10.53
26.49
1.01
80.66
13.11
30.27
46.66
5.65
32.69
32.87
18.27
34.32
67.68
41.15
12.07
80.64
63.33
90.73
38.32
4.22
6.97
15.02
39.81
37.67
60.13
43.13
36.27
31.55
47.93
42.96
85.96
0.76
21.79
24.33
49.41
65.70
22.22
54.93
38.55
69.57
52.07
10.38
36.97
55.42
2.57
17.28
8.58
43.93
37.65
15.71
3.26
56.02
17.41
57.12
31.60
8.91
35.94
49.37
27.12
34.46
53.81
16.43
37.60
0.13
55.00
23.78
10.51
61.48
31.23
18.84
53.55
44.37
0.85
18.21
12.50
9.57
7.47
2.33
19.31
14.34
21.00
61.46
28.41
60.07
2.61
1.83
68.17
79.06
39.76
65.07
5.33
12.04
60.41
28.13
10.59
66.70
25.68
18.60
70.78
40.76
38.94
30.98
55.67
7.80
28.40
12.39
50.46
46.82
6.28
21.42
76.43
1.15
66.92
91.46
57.32
53.59
20.03
46.90
23.96
49.90
28.46
5.87
53.20
40.58
12.90
4.54
8.10
46.06
50.34
6.03
75.52
43.56
25.37
80.23
50.51
42.73
16.34
53.37
1.70
2.42
13.35
32.29
15.43
12.50
23.58
23.54
7.26
29.75
27.84
19.26
9.76
23.06
19.00
56.55
53.18
33.56
9.55
12.60
24.25
39.03
47.15
71.06
8.50
21.74
1.98
8.07
12.70
15.58
25.79
15.42
12.03
39.57
43.80
44.63
26.86
10.02
19.65
23.96
12.57
3.01
33.71
47.76
9.22
26.86
34.80
15.37
22.88
26.01
9.78
32.94
94.24
1.35
65.45
61.32
36.70
16.02
46.13
38.29
31.33
29.70
34.04
10.12
4.46
34.37
14.43
28.06
5.38
39.09
31.09
35.30
24.50
33.40
23.57
27.68
1.49
28.26
26.48
42.99
28.06
28.40
59.44
51.01
13.76
17.98
37.79
48.42
4.03
26.60
32.01
8.58
33.87
13.68
23.59
64.00
31.69
31.51
2.80
64.13
12.16
16.65
2.80
8.87
15.16
48.19
46.57
33.44
41.25
52.47
36.36
3.49
33.92
40.88
9.72
6.06
51.68
74.41
16.02
17.37
4.63
12.77
30.82
30.87
61.87
22.63
